260
136
29

0 0 0 0   5 0 0 5   5 0 0 0   5 0 0 0   5 0 0 0   1 0 0 0   0 0 0 0   0 0 0 0   
0 0 0 0   0 1 1 0   0 0 0 0   0 0 0 4   

0 0 0 0   3 0 0 0   2 0 0 0   3 0 0 0   4 0 0 0   3 0 0 0   4 0 0 0   3 0 0 0   
4 0 0 0   3 0 0 5   

0 2 0 2   0 0 0 0   0 0 1 1   1 0 0 0   2 0 0 0   2 0 0 0   2 0 0 0   2 0 3 0
4 0 0 0   4 0 0 0   4 0 0 0   4 0 0 0   5 0 0 0   0 0 0 0   1 0 0 0   2 0 0 0   

3 0 0 0   0 0 0 0   0 0 0 0   0 0 0 0   0 0 0 0   0 0 0 0   0 0 0 0   0 0 0 0 
0 0 0 0   0 0 0 0   0 0 0 0   0 0 0 0   0 0 0 0   0 0 0 0   0 0 0 0   0 0 0 0   
0 0 0 0   0 0 0 0   0 0 0 0   0 0 0 0   0 0 0 0   0 0 0 0   0 0 0 0   0 0 0 0   
0 0 0 0   0 0 0 0   0 0 0 0   2 0 0 0   

5 0 0 0   0 0 0 0   0 0 0 0   0 0 0 0   0 0 0 0   0 0 0 0   0 0 0 0   0 0 0 0   
0 0 0 0   0 0 0 5   0 0 0 0   0 0 0 0   0 0 0 0   0 0 0 0   1 0 0 0   0 0 0 0   

2 0 0 0   0 0 0 0   0 0 0 0   0 0 0 0   0 0 0 0   0 0 0 0   0 0 0 0   0 0 0 0
0 0 0 0   0 0 0 0   0 0 0 0   0 0 0 0   0 0 0 0   0 0 0 0   0 0 0 0   0 0 0 0   
0 0 0 0   0 0 0 0   0 0 0 0   0 0 0 0   0 0 0 0   0 0 0 0   0 0 0 0   0 0 0 0   
0 0 0 0   0 0 0 0   0 0 0 0   0 0 0 0   0 0 0 0   0 0 0 0   0 0 0 0   0 0 0 0   
0 0 0 0   0 0 0 0   0 0 0 0   0 0 0 0   0 0 0 0   0 0 0 0   0 0 0 0   0 0 0 0   
0 0 0 0   0 0 0 0   0 0 0 0   0 0 0 0   0 0 0 0   0 0 0 0   0 0 0 0   0 0 0 0
   
5 0 0 0   0 0 0 0   0 0 0 0   0 0 0 0   0 0 0 0   0 0 0 0   0 0 0 0   0 0 0 0   
0 0 0 0   0 0 0 0   0 0 0 0   0 0 0 0   0 0 0 0   0 0 0 0   0 0 0 0   0 0 0 0   
0 0 0 0   0 0 

-1

0 0 0 0   5 0 0 0   5 0 0 0   5 0 0 0   5 0 0 0   1 0 0 0   0 0 0 0   0 0 0 0   
0 0 0 0   0 1 1 0   0 0 0 0   0 0 0 4   

0 0 0 0   3 0 0 0   2 0 0 0   0 4 0 0   0 1 0 0   0 4 0 0   0 1 0 0   0 4 0 0   
0 1 0 0   0 0 0 5   

0 2 0 2   0 0 0 0   0 0 0 0   0 0 0 0   0 0 0 0   0 0 0 0   0 0 0 0   0 0 0 0
0 0 0 0   0 0 0 0   0 0 0 0   0 0 0 0   5 0 0 0   0 0 0 0   1 0 0 0   2 0 0 0   

3 0 0 0   0 0 0 0   0 0 0 0   0 0 0 0   0 0 0 0   0 0 0 0   0 0 0 0   0 0 0 0 
0 0 0 0   0 0 0 0   0 0 0 0   0 0 0 0   0 0 0 0   0 0 0 0   0 0 0 0   0 0 0 0   
0 0 0 0   0 0 0 0   0 0 0 0   0 0 0 0   0 0 0 0   0 0 0 0   0 0 0 0   0 0 0 0   
0 0 0 0   0 0 0 0   0 0 0 0   2 0 0 0   

5 0 0 0   0 0 0 0   0 0 0 0   0 0 0 0   0 0 0 0   0 0 0 0   0 0 0 0   0 0 0 0   
0 0 0 0   0 0 0 5   0 0 0 0   0 0 0 0   0 0 0 0   0 0 0 0   1 0 0 0   0 0 0 0   

2 0 0 0   0 0 0 0   0 0 0 0   0 0 0 0   0 0 0 0   0 0 0 0   0 0 0 0   0 0 0 0
0 0 0 0   0 0 0 0   0 0 0 0   0 0 0 0   0 0 0 0   0 0 0 0   0 0 0 0   0 0 0 0   
0 0 0 0   0 0 0 0   0 0 0 0   0 0 0 0   0 0 0 0   0 0 0 0   0 0 0 0   0 0 0 0   
0 0 0 0   0 0 0 0   0 0 0 0   0 0 0 0   0 0 0 0   0 0 0 0   0 0 0 0   0 0 0 0   
0 0 0 0   0 0 0 0   0 0 0 0   0 0 0 0   0 0 0 0   0 0 0 0   0 0 0 0   0 0 0 0   
0 0 0 0   0 0 0 0   0 0 0 0   0 0 0 0   0 0 0 0   0 0 0 0   0 0 0 0   0 0 0 0
   
5 0 0 0   0 0 0 0   0 0 0 0   0 0 0 0   0 0 0 0   0 0 0 0   0 0 0 0   0 0 0 0   
0 0 0 0   0 0 0 0   0 0 0 0   0 0 0 0   0 0 0 0   0 0 0 0   0 0 0 0   0 0 0 0   
0 0 0 0   0 0 

-1

Estructura del archivo 
BPM
Duracion
Numero Cancion en archivos
Flechas
Botones

Código
Flechas: 1 Izquierda 2 Derecha 3 Arriba 4 Abajo 5 Bomba
Botones: 1 Abajo 2 Derecha 3 Izquierda 4 Arriba 5 Bomba

--
Dracukeo
Si no tienes los 18
Dracukeo