196
200
2

1 0 2 0 4 0 2 0 3 0 4 0 4 0 4 0 4 0 3 0 3 0 4 0 4 1 0 2 0 4 0 2 0 3 0 4 0 4 0 4 0 4 0 3 0 3 0 4 0 4 
1 0 2 0 4 0 2 0 3 0 4 0 4 0 4 0 4 0 3 0 3 0 4 0 4 1 0 2 0 4 0 2 0 3 0 4 0 4 0 4 0 4 0 3 0 3 0 4 0 4 
1 0 2 0 4 0 2 0 3 0 4 0 4 0 4 0 4 0 3 0 3 0 4 0 4 1 0 2 0 4 0 2 0 3 0 4 0 4 0 4 0 4 0 3 0 3 0 4 0 4 
1 0 2 0 4 0 2 0 3 0 4 0 4 0 4 0 4 0 3 0 3 0 4 0 4 1 0 2 0 4 0 2 0 3 0 4 0 4 0 4 0 4 0 3 0 3 0 4 0 4 
1 0 2 0 4 0 2 0 3 0 4 0 4 0 4 0 4 0 3 0 3 0 4 0 4 1 0 2 0 4 0 2 0 3 0 4 0 4 0 4 0 4 0 3 0 3 0 4 0 4 
1 0 2 0 4 0 2 0 3 0 4 0 4 0 4 0 4 0 3 0 3 0 4 0 4 1 0 2 0 4 0 2 0 3 0 4 0 4 0 4 0 4 0 3 0 3 0 4 0 4

-1

1 0 2 0 4 0 2 0 3 0 4 0 4 0 4 0 4 0 3 0 3 0 4 0 4 1 0 2 0 4 0 2 0 3 0 4 0 4 0 4 0 4 0 3 0 3 0 4 0 4 
1 0 2 0 4 0 2 0 3 0 4 0 4 0 4 0 4 0 3 0 3 0 4 0 4 1 0 2 0 4 0 2 0 3 0 4 0 4 0 4 0 4 0 3 0 3 0 4 0 4 
1 0 2 0 4 0 2 0 3 0 4 0 4 0 4 0 4 0 3 0 3 0 4 0 4 1 0 2 0 4 0 2 0 3 0 4 0 4 0 4 0 4 0 3 0 3 0 4 0 4 
1 0 2 0 4 0 2 0 3 0 4 0 4 0 4 0 4 0 3 0 3 0 4 0 4 1 0 2 0 4 0 2 0 3 0 4 0 4 0 4 0 4 0 3 0 3 0 4 0 4 
1 0 2 0 4 0 2 0 3 0 4 0 4 0 4 0 4 0 3 0 3 0 4 0 4 1 0 2 0 4 0 2 0 3 0 4 0 4 0 4 0 4 0 3 0 3 0 4 0 4 
1 0 2 0 4 0 2 0 3 0 4 0 4 0 4 0 4 0 3 0 3 0 4 0 4 1 0 2 0 4 0 2 0 3 0 4 0 4 0 4 0 4 0 3 0 3 0 4 0 4

-1